Name	NumReads	ReadsMapped	PctOnTarget	GenesMapped	GenesWithContigs	GenesWithSeqs	GenesAt25pct	GenesAt50pct	GenesAt75pct	Genesat150pct	ParalogWarnings	Year	Herbarium	Project
A_treculianus_Elmer12468	276776	89622	0.324	522	410	402	352	219	95	1	0	1910	yes	Artocarpus
A_treculianus_Elmer13135	409098	77467	0.189	526	403	395	348	237	121	2	0	1911	yes	Artocarpus
A_pinnatisectus_Escritor	4566967	674121	0.148	528	484	447	404	298	170	0	0	1913	yes	Artocarpus
A_subrotundifolius_Wenzel1576	7307737	3052018	0.418	528	514	511	503	475	434	1	40	1915	yes	Artocarpus
A_xanthocarpus_Elmer16247	4477252	1517401	0.339	522	460	451	414	314	167	1	0	1916	yes	Artocarpus
A_nigrescens_Ramos2107	295154	214268	0.726	525	450	446	417	330	200	1	1	1919	yes	Artocarpus
A_blancoi_Ramos42018	7608746	3463882	0.455	530	526	526	525	521	485	2	27	1920	yes	Artocarpus
A_fretessii_Wenzel811	699078	225786	0.323	519	454	447	435	377	272	0	18	1920	yes	Artocarpus
A_horridus_Beguin1900	121322	83516	0.688	506	264	242	140	35	5	0	0	1920	yes	Artocarpus
A_melinoxylus_melinoxylus_Poilane	79381	38392	0.484	492	126	108	26	3	1	0	0	1920	yes	Artocarpus
A_vrieseanus_papillosus_Kajewski2360	216950	65599	0.302	510	315	304	238	118	22	0	0	1930	yes	Artocarpus
A_altissimus_BB18789	871827	273634	0.314	515	274	220	93	9	0	0	0	1934	yes	Artocarpus
A_teijsmannii_subglabrus_NGF1176	823090	64310	0.078	519	388	380	359	289	180	1	2	1944	yes	Artocarpus
A_vrieseanus_refractus_Brass21660	1565228	1174330	0.75	524	508	503	498	479	434	1	54	1953	yes	Artocarpus
A_vrieseanus_refractus_Hoogland4822	416437	152484	0.366	518	457	452	429	345	216	0	1	1954	yes	Artocarpus
A_vrieseanus_subsessilis_Hoogland4813	332446	119059	0.358	518	436	430	409	331	197	0	0	1954	yes	Artocarpus
A_horridus_Hoogland10612	454125	77866	0.171	526	348	336	288	183	72	0	0	1960	yes	Artocarpus
A_aff_blancoi_Havel15445	1393064	1214412	0.872	505	143	66	11	0	0	0	0	1962	yes	Artocarpus
A_cf_corneri_Fuchs21347	205667	155835	0.758	526	452	448	410	318	180	0	0	1963	yes	Artocarpus
A_sarawakensis_S23876	7456303	3313752	0.444	527	518	517	515	492	443	1	17	1965	yes	Artocarpus
A_frutescens_S26230	0	0	0	434	349	238	0	0	0	0	0	1966	yes	Artocarpus
A_teijsmannii_subglabrus_BSIP9301	407643	310015	0.761	526	464	460	447	382	243	1	2	1968	yes	Artocarpus
A_maingayi_DeWilde13584	1511485	1127803	0.746	529	518	517	517	490	423	1	30	1972	yes	Artocarpus
A_obtusus_S31741	1049272	726371	0.692	530	527	524	521	500	414	1	3	1972	yes	Artocarpus
A_cf_vrieseanus_ssp_subsessilis_IslesNGF32281	24418	17887	0.733	480	151	139	73	16	2	0	0	1973	yes	Artocarpus
A_nobilis_Kostermans24593	990575	710354	0.717	527	510	506	503	460	372	2	28	1973	yes	Artocarpus
A_glaucus_Dunlop5189	475014	344927	0.726	520	484	479	473	454	391	0	49	1979	yes	Artocarpus
A_annulatus_S38722	5184829	2514343	0.485	526	512	511	507	493	440	0	40	1980	yes	Artocarpus
A_nitidus_ssp_lingnanensis_Yip283	568683	442721	0.779	521	521	516	446	374	246	0	6	1981	yes	Artocarpus
A_longifolius_longifolius_SAN110834	66656	50707	0.761	505	336	331	297	193	95	0	0	1985	yes	Artocarpus
A_jarrettiae_SAN120933	4709384	1918590	0.407	526	375	274	121	13	1	0	0	1987	yes	Artocarpus
A_rubrovenius_JSB84	3095583	1429772	0.462	524	502	499	487	459	411	1	37	1987	yes	Artocarpus
A_ovatus_Fernando786	864892	644785	0.746	523	499	497	490	470	428	1	57	1988	yes	Artocarpus
A_sarawakensis_Burley1792	1574715	1203509	0.764	526	515	511	506	474	377	1	29	1988	yes	Artocarpus
A_dadah_Sidiyasa3465	224275	83529	0.372	516	397	393	354	279	170	0	0	1990	yes	Artocarpus
A_fretessii_Burley4171	1061383	805777	0.759	526	507	506	501	478	435	1	64	1990	yes	Artocarpus
Batocarpus_amazonicus_Salidas1233	1374019	829483	0.604	333	328	324	322	320	307	4	12	1990	yes	Artocarpus
A_aff_glaucus_AAW882	1715908	1155130	0.673	526	508	505	502	494	462	1	103	1991	yes	Artocarpus
A_cf_pinnatisectus_PPI2376	5056894	2050622	0.406	528	513	513	504	469	394	2	13	1991	yes	Artocarpus
A_dadah_deWilde21278	570106	40421	0.071	504	306	300	286	208	109	0	0	1991	yes	Artocarpus
A_sp_PPI2741	666619	334348	0.502	528	468	465	448	354	207	1	0	1991	yes	Artocarpus
Clarisia_illicifolia_Carranta6386	204981	104653	0.511	331	279	270	242	175	87	0	0	1991	yes	Artocarpus
A_fretessii_PPI6044	1040478	53804	0.052	508	336	316	283	203	94	0	0	1992	yes	Artocarpus
A_multifidus_PPI3911	419555	53632	0.128	508	255	241	157	40	2	0	0	1992	yes	Artocarpus
A_nitidus_ssp_nitidus_PPI10374	9934147	6186590	0.623	528	512	509	496	469	408	1	23	1992	yes	Artocarpus
A_sp_Pseudojaca_AA440	397252	31526	0.079	500	241	228	198	134	61	0	0	1992	yes	Artocarpus
A_blancoi_PPI12090	1714598	40566	0.024	497	161	85	66	30	11	0	0	1993	yes	Artocarpus
A_longifolius_Nangkat15511	493727	151287	0.306	516	386	382	347	245	103	0	0	1994	yes	Artocarpus
A_aff_excelsus_AveryanovVH1819	796709	270918	0.34	527	476	471	463	426	312	1	9	1995	yes	Artocarpus
A_aff_excelsus_VH445	5038884	2713697	0.539	528	524	524	523	520	483	2	26	1995	yes	Artocarpus
A_hispidus_WT52	330110	66326	0.201	523	390	385	350	251	138	0	0	1995	yes	Artocarpus
Trophis_montana_Andrianantoanina1023	460881	345967	0.751	333	328	328	328	328	322	3	7	1996	yes	Artocarpus
Clarisia_racemosa_Assuncao690	1493852	911841	0.61	332	329	325	324	321	306	3	15	1997	yes	Artocarpus
A_albobrunneus_AA2243	7767961	2458109	0.316	526	507	506	502	485	456	1	62	2000	yes	Artocarpus
A_altilis_K7_UluFiti	572337	314492	0.549	530	507	507	507	506	492	1	38	2000	no	Artocarpus
A_altilis_V8_Afara	1026514	605829	0.59	530	525	524	524	524	508	1	45	2000	no	Artocarpus
A_camansi_Kapiak_McB1	1136020	653705	0.575	529	526	526	526	526	514	1	44	2000	no	Artocarpus
A_camansi_NTBG960576.001	1491560	711427	0.477	530	519	517	517	517	503	1	30	2000	no	Artocarpus
A_camansi_Philippines_M10	629170	342667	0.545	529	510	510	510	509	493	1	27	2000	no	Artocarpus
A_mariannensis_DD4	1797620	978549	0.544	528	527	527	527	527	509	1	51	2000	no	Artocarpus
A_mariannensis_NTBG000521.002	627828	335845	0.535	527	512	512	512	512	497	1	38	2000	no	Artocarpus
A_ovatus_NZ202	276512	21361	0.077	507	183	166	163	142	84	0	0	2000	yes	Artocarpus
A_papuana_NZ61	927670	565243	0.609	517	494	489	488	471	451	1	68	2000	no	Artocarpus
A_sepicanus_GW1701	285948	161333	0.564	520	458	456	454	447	424	3	77	2000	no	Artocarpus
A_sepicanus_WS3A0162	769182	455505	0.592	520	494	494	489	482	458	3	97	2000	no	Artocarpus
A_treculianus_ovatifolius_NZ203	2056946	1321850	0.643	528	525	524	524	522	499	1	55	2000	no	Artocarpus
A_treculianus_ovatifolius_Yang13056	655684	451077	0.688	527	515	515	515	511	477	0	45	2000	yes	Artocarpus
A_vriesianus_ssp_vrieseanus_GW1229	992317	524090	0.528	522	510	509	503	491	463	1	68	2000	no	Artocarpus
Bagassa_guianensis_GW1677	726484	558733	0.769	333	333	333	332	332	329	2	9	2000	no	Artocarpus
Batocarpus_costaricensis_GW1463	2144312	1382830	0.645	332	329	324	324	322	312	3	21	2000	no	Artocarpus
Clarisia_biflora_GW1460	191295	100342	0.525	331	315	313	310	305	278	3	8	2000	no	Artocarpus
Sorocea_steinbachii_GW1501	1103901	791404	0.717	332	331	331	331	330	324	3	17	2000	no	Artocarpus
Batocarpus_oriniceros_Vasquez27440	1887640	1180057	0.625	332	330	327	324	322	313	4	12	2001	yes	Artocarpus
A_dadah_NZ245	1856281	151322	0.082	524	493	489	483	468	430	1	59	2002	no	Artocarpus
A_hispidus_NZ258	2349579	149989	0.064	527	473	467	466	446	384	2	33	2002	no	Artocarpus
A_maingayi_NZ257	1654597	135358	0.082	529	477	471	471	463	423	1	28	2002	no	Artocarpus
A_nitidus_ssp_griffithii_NZ216	2656045	1859557	0.7	526	515	510	507	496	474	1	97	2002	no	Artocarpus
A_scortechinii_NZ209	1075200	574546	0.534	527	526	524	523	522	500	3	58	2002	no	Artocarpus
A_xanthocarpus_Yang15648	1106799	793438	0.717	527	503	499	497	481	455	1	64	2003	yes	Artocarpus
A_sumatranus_AA2766	5044841	1548250	0.307	528	513	513	513	501	462	1	15	2004	yes	Artocarpus
A_gongshanensis_HAST137747	548678	402708	0.734	523	488	485	482	460	419	1	49	2005	yes	Artocarpus
A_lacucha_Fujikawa35726	666973	491581	0.737	517	491	489	483	467	423	2	56	2006	yes	Artocarpus
A_rigidus_ssp_asperulus_NYHN675	202832	139730	0.689	524	457	454	443	392	293	1	11	2006	yes	Artocarpus
A_styracifolius_NYHN611	1676409	920261	0.549	519	443	438	381	264	112	0	0	2006	yes	Artocarpus
A_sericicarpus_Wen10240	475495	285583	0.601	528	507	506	505	499	476	1	46	2008	no	Artocarpus
A_chama_NZ354	1100821	548597	0.498	526	518	517	516	512	496	2	76	2011	no	Artocarpus
A_altissimus_Sinbu	2224010	1421169	0.639	521	511	508	498	487	464	0	95	2012	yes	Artocarpus
A_cf_chama_NZ512	246965	134854	0.546	526	439	436	436	427	403	1	54	2012	no	Artocarpus
A_cf_lacucha_NZ517	2039088	1199379	0.588	527	512	511	508	498	477	1	100	2012	no	Artocarpus
A_elasticus_NZ458	464380	262568	0.565	528	503	501	500	497	470	2	53	2012	no	Artocarpus
A_fulvicortex_YQL35	1118134	627027	0.561	523	510	507	503	497	473	1	93	2012	no	Artocarpus
A_gomezianus_NZ533	1196577	680181	0.568	524	512	507	505	496	470	1	104	2012	no	Artocarpus
A_lacucha_CAS7	161466	66931	0.415	513	412	411	407	395	356	1	39	2012	yes	Artocarpus
A_lacucha_NZ420	841659	509364	0.605	519	505	503	501	493	474	1	97	2012	no	Artocarpus
A_lanceifolius_ssp_clementis_NZ739	788870	444689	0.564	524	514	511	511	508	490	1	91	2012	no	Artocarpus
A_rigidus_asperulus_NZ507	641589	366293	0.571	527	507	506	506	506	483	2	89	2012	no	Artocarpus
A_thailandicus_NZ402	411545	247570	0.602	519	476	474	471	463	431	1	103	2012	no	Artocarpus
A_tonkinensis_CAS8	459388	220409	0.48	518	480	473	468	461	438	1	76	2012	yes	Artocarpus
A_anisophyllus_NZ606	997925	496432	0.497	525	514	513	513	510	495	2	102	2013	no	Artocarpus
A_brevipedunculatus_NZ814	1503237	890057	0.592	526	518	515	514	511	500	2	104	2013	no	Artocarpus
A_dadah_NZ694	852314	455757	0.535	520	505	502	498	491	473	1	117	2013	no	Artocarpus
A_dadah_NZ794	344555	42370	0.123	510	389	387	385	360	269	1	11	2013	no	Artocarpus
A_dadah_NZ894	1974982	1306240	0.661	525	513	510	505	495	470	1	86	2013	no	Artocarpus
A_excelsus_NZ780	642111	306078	0.477	526	516	516	516	515	498	1	61	2013	no	Artocarpus
A_fretessii_NZ929	757361	436401	0.576	521	504	498	496	489	465	1	112	2013	no	Artocarpus
A_glaucus_NZ852	1078695	626875	0.581	522	510	508	504	492	465	2	77	2013	no	Artocarpus
A_gomezianus_ssp_zeylanicus_NZ956	460915	284035	0.616	516	485	484	480	472	443	1	82	2013	no	Artocarpus
A_hirsutus_NZ953	449379	250139	0.557	527	479	476	476	472	442	3	77	2013	no	Artocarpus
A_integer_NZ918	585432	282780	0.483	523	497	496	495	490	474	1	100	2013	no	Artocarpus
A_integer_silvestris_MW201	806590	506974	0.629	524	499	498	496	493	462	1	92	2013	no	Artocarpus
A_kemando_NZ612	1139479	586626	0.515	526	524	524	524	523	505	2	80	2013	no	Artocarpus
A_lanceifolius_ssp_lanceifolius_EG2	343844	226314	0.658	525	469	465	462	452	410	2	48	2013	no	Artocarpus
A_limpato_NZ609	1030398	579140	0.562	515	495	492	492	484	464	0	95	2013	no	Artocarpus
A_lowii_MWL2	802964	426957	0.532	528	525	525	525	524	504	1	68	2013	no	Artocarpus
A_nanchuanensis_YISR20130717024	719037	254274	0.354	525	479	476	458	409	303	0	25	2013	yes	Artocarpus
A_nitidus_ssp_borneensis_NZ686	1231065	682852	0.555	524	510	506	503	494	471	1	89	2013	no	Artocarpus
A_nitidus_ssp_humilis_NZ834	450829	232501	0.516	521	483	480	479	467	441	1	68	2013	no	Artocarpus
A_nitidus_ssp_lingnanensis_NZ911	776715	427277	0.55	518	506	504	500	497	471	1	98	2013	no	Artocarpus
A_obtusus_NZ729	744303	400658	0.538	528	517	517	517	512	477	3	54	2013	no	Artocarpus
A_odoratissimus_NZ618	0	0	0	498	494	478	1	0	0	0	0	2013	no	Artocarpus
A_papuanus_RM45	257257	194139	0.755	508	455	451	444	409	344	0	18	2013	no	Artocarpus
A_pithecogallus_LiJianwu3200	0	0	0	487	472	414	1	0	0	0	0	2013	yes	Artocarpus
A_primackii_NZ687	695257	399570	0.575	520	502	499	496	490	474	1	114	2013	no	Artocarpus
A_primackii_NZ924	235392	161699	0.687	520	425	420	416	396	350	0	48	2013	no	Artocarpus
A_rigidus_NZ230	757974	486453	0.642	525	509	508	508	505	487	1	87	2013	no	Artocarpus
A_rigidus_NZ728	1292445	719750	0.557	527	521	521	521	519	508	2	114	2013	no	Artocarpus
A_sericicarpus_NZ771	841320	445960	0.53	529	526	526	526	525	511	2	77	2013	no	Artocarpus
A_teijsmannii_NZ946	813449	407974	0.502	530	525	525	525	523	506	2	55	2013	no	Artocarpus
A_teijsmannii_ssp_subglabrus_RM160	475460	285917	0.601	529	512	512	511	507	486	2	44	2013	no	Artocarpus
A_teijsmannii_subglabrus_Haris26	371769	241693	0.65	530	483	482	482	477	437	1	22	2013	no	Artocarpus
A_tomentosulus_NZ617	1075555	532545	0.495	524	507	505	503	496	478	1	96	2013	no	Artocarpus
A_elasticus_EG87	1000224	531892	0.532	528	526	526	526	525	507	2	81	2014	no	Artocarpus
A_heterophyllus_EG98	1211445	673078	0.556	524	506	506	504	501	487	0	118	2014	no	Artocarpus
A_kemando_EG261	777419	456964	0.588	525	508	508	508	507	489	1	51	2014	no	Artocarpus
A_tamaran_EG92	833124	431882	0.518	526	522	522	522	519	500	1	64	2014	no	Artocarpus
Streblus_glaber_EG78	846425	181652	0.215	332	326	325	325	324	314	3	10	2014	no	Artocarpus
A_aff_nitidus_bigleaf_EG410	213396	127676	0.598	515	415	412	407	393	346	1	50	2016	no	Artocarpus
A_aff_rigidus_EG263	456243	253933	0.557	528	481	480	479	476	454	2	66	2016	no	Artocarpus
A_altissimus_EG441	471135	283336	0.601	516	461	459	457	452	427	0	74	2016	no	Artocarpus
A_annulatus_NZ985	725958	446884	0.616	526	492	491	486	480	460	0	86	2016	no	Artocarpus
A_cf_camansi_EG429	611172	357398	0.585	529	507	507	507	505	490	1	47	2016	no	Artocarpus
A_cf_horridus_EG437	1527347	951389	0.623	529	525	524	524	523	509	1	107	2016	no	Artocarpus
A_cf_longifolius_ssp_adpressus_EG412	899408	555876	0.618	521	493	493	490	485	464	1	97	2016	no	Artocarpus
A_cf_scortechinii_EG333	844749	514923	0.61	526	511	510	510	507	484	1	58	2016	no	Artocarpus
A_cf_sericicarpus_EG284	1119869	699649	0.625	529	523	523	523	520	504	1	64	2016	no	Artocarpus
A_excelsus_EG222	1050956	661891	0.63	529	520	520	520	518	498	2	59	2016	no	Artocarpus
A_frutescens_EG411	61103	37925	0.621	493	315	315	313	298	235	0	7	2016	no	Artocarpus
A_hypargyraeus_EG170	1300869	826378	0.635	524	501	500	498	491	472	2	108	2016	no	Artocarpus
A_nitidus_ssp_humilis_EG258	1695754	1109614	0.654	523	505	503	502	498	472	2	107	2016	no	Artocarpus
A_obtusus_EG248	1531657	973670	0.636	528	524	523	522	519	491	2	99	2016	no	Artocarpus
A_odoratissimus_barbatus_EG294	0	0	0	483	479	453	1	0	0	0	0	2016	no	Artocarpus
A_scortechinii_EG336	716328	444004	0.62	529	514	514	513	509	486	2	94	2016	no	Artocarpus
A_sericicarpus_EG237	1161230	266195	0.229	527	477	474	474	469	436	1	33	2016	no	Artocarpus
A_styracifolius_EG176	491153	304691	0.62	519	480	475	474	468	442	1	80	2016	no	Artocarpus
A_tonkinensis_EG174	680049	420214	0.618	517	487	485	483	476	453	1	92	2016	no	Artocarpus